function [r,F0,F3,Fr,F1,V1,V2,R,T03,T0,CA0s,CA03s,deltaH1,deltaH2,deltaH3,k10,k20,k30,E1,E2,E3,rho,cp,T1s,CA1s,T2s,CA2s] = systemParameters()
r=0.5;                      % recycle rate, note that r cannot be Unity
F0=4.998;
F3=30.0;
Fr=r/(1-r)*(F3+F0);         % recycled flow rate
F1=F0+Fr;

V1=1.0;
V2=3.0;
R=8.314;
T03=300.0;
T0=300.0;
CA0s=4.0;
CA03s=2.0;
deltaH1=-5.0e4;
deltaH2=-5.2e4;
deltaH3=-5.4e4;
k10=3.0e6;
k20=3.0e5;
k30=3.0e5;
E1=5.0e4;
E2=7.53e4;
E3=7.53e4;
rho=1000.0;
cp=0.231;
% steady state to be used
T1s=457.9428;
CA1s=1.7702;
T2s=415.4585;
CA2s=1.7522;
% T1s = 300.38782;
% CA1s = 2.49806;
% T2s = 300.34962;
% CA2s = 2.28400;
%T1s=388.57;
%CA1s=3.59;
%T2s=449.31;
%CA2s=1.596;